0 2 0 0 1
2 4 0 0 1
4 6 1 1 1
6 8 0 0 1
8 10 0 0 1
10 12 0 0 1
12 14 0 0 1
14 16 1 1 1
16 18 0 0 1
18 20 0 0 1
20 22 1 1 1
22 24 0 0 1
24 26 0 0 1
26 28 0 0 1
28 30 0 0 1
30 32 0 0 1
32 34 0 0 1
34 36 1 1 1
36 38 0 0 1
38 40 0 0 1
40 42 0 0 1
42 44 0 0 1
44 46 0 0 1
46 48 0 0 1
48 50 0 0 1
50 52 0 0 1
52 54 0 0 1
54 56 0 0 1
56 58 1 1 1
58 60 0 0 1
60 62 0 0 1
62 64 0 0 1
64 66 0 0 1
66 68 0 0 1
68 70 0 0 1
70 72 1 1 1
72 74 0 0 1
74 76 0 0 1
76 78 0 0 1
78 80 0 0 1
80 82 1 1 1
82 84 0 0 1
84 86 0 0 1
86 88 0 0 1
88 90 0 0 1
90 92 1 1 1
92 94 0 0 1
94 96 1 1 1
96 98 0 0 1
98 100 0 0 1
100 102 0 0 1
102 104 0 0 1
104 106 0 0 1
106 108 0 0 1
108 110 1 1 1
110 112 0 0 1
112 114 1 1 1
114 116 1 1 1
116 118 0 0 1
118 120 0 0 1
120 122 0 0 1
122 124 0 0 1
124 126 0 0 1
126 128 0 0 1
128 130 0 0 1
130 132 0 0 1
132 134 0 0 1
134 136 0 0 1
136 138 0 0 1
138 140 0 0 1
140 142 0 0 1
142 144 0 0 1
144 146 0 0 1
146 148 1 1 1
148 150 0 0 1
150 152 0 0 1
152 154 0 0 1
154 156 0 0 1
156 158 0 0 1
158 160 0 0 1
160 162 0 0 1
162 164 0 0 1
164 166 1 1 1
166 168 0 0 1
168 170 0 0 1
170 172 1 1 1
172 174 1 1 1
174 176 0 0 1
176 178 0 0 1
178 180 0 0 1
180 182 0 0 1
182 184 0 0 1
184 186 1 1 1
186 188 0 0 1
188 190 0 0 1
190 192 0 0 1
192 194 0 0 1
194 196 0 0 1
196 198 1 1 1
198 200 1 1 1
200 202 0 0 1
202 204 0 0 1
204 206 0 0 1
206 208 0 0 1
208 210 0 0 1
210 212 0 0 1
212 214 0 0 1
214 216 0 0 1
216 218 0 0 1
218 220 1 1 1
220 222 0 0 1
222 224 0 0 1
224 226 0 0 1
226 228 0 0 1
228 230 0 0 1
230 232 1 1 1
232 234 0 0 1
234 236 0 0 1
236 238 0 0 1
238 240 0 0 1
240 242 0 0 1
242 244 1 1 1
244 246 1 1 1
246 248 0 0 1
248 250 0 0 1
250 252 0 0 1
252 254 0 0 1
254 256 0 0 1
256 258 0 0 1
258 260 1 1 1
260 262 0 0 1
262 264 0 0 1
264 266 0 0 1
266 268 0 0 1
268 270 0 0 1
270 272 0 0 1
272 274 0 0 1
274 276 0 0 1
276 278 0 0 1
278 280 1 1 1
280 282 0 0 1
282 284 0 0 1
284 286 0 0 1
286 288 0 0 1
288 290 1 1 1
290 292 0 0 1
292 294 0 0 1
294 296 0 0 1
296 298 1 1 1
298 300 0 0 1
300 302 0 0 1
302 304 0 0 1
304 306 0 0 1
306 308 0 0 1
308 310 1 1 1
310 312 0 0 1
312 314 0 0 1
314 316 0 0 1
316 318 1 1 1
318 320 0 0 1
320 322 0 0 1
322 324 0 0 1
324 326 0 0 1
326 328 0 0 1
328 330 0 0 1
330 332 0 0 1
332 334 0 0 1
334 336 0 0 1
336 338 1 1 1
338 340 0 0 1
340 342 1 1 1
342 344 0 0 1
344 346 1 1 1
346 348 0 0 1
348 350 0 0 1
350 352 0 0 1
352 354 0 0 1
354 356 0 0 1
356 358 0 0 1
358 360 0 0 1
360 362 0 0 1
362 364 0 0 1
364 366 0 0 1
366 368 0 0 1
368 370 0 0 1
370 372 0 0 1
372 374 0 0 1
374 376 0 0 1
376 378 0 0 1
378 380 0 0 1
380 382 0 0 1
382 384 0 0 1
384 386 0 0 1
386 388 0 0 1
388 390 1 1 1
390 392 0 0 1
392 394 0 0 1
394 396 0 0 1
396 398 0 0 1
398 400 0 0 1
400 402 0 0 1
402 404 0 0 1
404 406 0 0 1
406 408 1 1 1
408 410 1 1 1
410 412 0 0 1
412 414 1 1 1
414 416 0 0 1
416 418 0 0 1
418 420 1 1 1
420 422 1 1 1
422 424 1 1 1
424 426 0 0 1
426 428 1 1 1
428 430 0 0 1
430 432 0 0 1
432 434 0 0 1
434 436 0 0 1
436 438 0 0 1
438 440 0 0 1
440 442 0 0 1
442 444 1 1 1
444 446 0 0 1
446 448 0 0 1
448 450 0 0 1
450 452 0 0 1
452 454 0 0 1
454 456 0 0 1
456 458 0 0 1
458 460 1 1 1
460 462 0 0 1
462 464 1 1 1
464 466 1 1 1
466 468 0 0 1
468 470 1 1 1
470 472 0 0 1
472 474 0 0 1
474 476 0 0 1
476 478 0 0 1
478 480 0 0 1
480 482 0 0 1
482 484 0 0 1
484 486 0 0 1
486 488 0 0 1
488 490 0 0 1
490 492 0 0 1
492 494 1 1 1
494 496 0 0 1
496 498 0 0 1
498 500 0 0 1
500 502 0 0 1
502 504 0 0 1
504 506 0 0 1
506 508 0 0 1
508 510 0 0 1
510 512 0 0 1
512 514 0 0 1
514 516 0 0 1
516 518 0 0 1
518 520 0 0 1
520 522 0 0 1
522 524 0 0 1
524 526 0 0 1
526 528 0 0 1
528 530 0 0 1
530 532 0 0 1
532 534 0 0 1
534 536 0 0 1
536 538 0 0 1
538 540 1 1 1
540 542 0 0 1
542 544 0 0 1
544 546 0 0 1
546 548 0 0 1
548 550 0 0 1
550 552 0 0 1
552 554 0 0 1
554 556 1 1 1
556 558 0 0 1
558 560 0 0 1
560 562 0 0 1
562 564 0 0 1
564 566 0 0 1
566 568 1 1 1
568 570 1 1 1
570 572 0 0 1
572 574 0 0 1
574 576 0 0 1
576 578 1 1 1
578 580 0 0 1
580 582 0 0 1
582 584 1 1 1
584 586 0 0 1
586 588 0 0 1
588 590 0 0 1
590 592 0 0 1
592 594 0 0 1
594 596 0 0 1
596 598 0 0 1
598 600 0 0 1
600 602 0 0 1
602 604 0 0 1
604 606 0 0 1
606 608 0 0 1
608 610 1 1 1
610 612 0 0 1
612 614 0 0 1
614 616 0 0 1
616 618 0 0 1
618 620 0 0 1
620 622 0 0 1
622 624 0 0 1
624 626 0 0 1
626 628 0 0 1
628 630 0 0 1
630 632 0 0 1
632 634 0 0 1
634 636 1 1 1
636 638 0 0 1
638 640 0 0 1
640 642 0 0 1
642 644 0 0 1
644 646 1 1 1
646 648 1 1 1
648 650 0 0 1
650 652 1 1 1
652 654 0 0 1
654 656 1 1 1
656 658 0 0 1
658 660 0 0 1
660 662 0 0 1
662 664 0 0 1
664 666 0 0 1
666 668 0 0 1
668 670 0 0 1
670 672 0 0 1
672 674 0 0 1
674 676 0 0 1
676 678 0 0 1
678 680 0 0 1
680 682 1 1 1
682 684 0 0 1
684 686 1 1 1
686 688 0 0 1
688 690 0 0 1
690 692 0 0 1
692 694 0 0 1
694 696 0 0 1
696 698 1 1 1
698 700 0 0 1
700 702 1 1 1
702 704 0 0 1
704 706 0 0 1
706 708 0 0 1
708 710 0 0 1
710 712 0 0 1
712 714 0 0 1
714 716 0 0 1
716 718 0 0 1
718 720 0 0 1
720 722 0 0 1
722 724 1 1 1
724 726 0 0 1
726 728 0 0 1
728 730 1 1 1
730 732 0 0 1
732 734 0 0 1
734 736 0 0 1
736 738 0 0 1
738 740 0 0 1
740 742 1 1 1
742 744 0 0 1
744 746 0 0 1
746 748 0 0 1
748 750 0 0 1
750 752 0 0 1
752 754 0 0 1
754 756 0 0 1
756 758 0 0 1
758 760 0 0 1
760 762 0 0 1
762 764 0 0 1
764 766 0 0 1
766 768 0 0 1
768 770 1 1 1
770 772 0 0 1
772 774 0 0 1
774 776 0 0 1
776 778 0 0 1
778 780 0 0 1
780 782 1 1 1
782 784 1 1 1
784 786 0 0 1
786 788 1 1 1
788 790 0 0 1
790 792 0 0 1
792 794 1 1 1
794 796 0 0 1
796 798 0 0 1
798 800 0 0 1
800 802 0 0 1
802 804 1 1 1
804 806 1 1 1
806 808 0 0 1
808 810 0 0 1
810 812 0 0 1
812 814 0 0 1
814 816 0 0 1
816 818 0 0 1
818 820 0 0 1
820 822 0 0 1
822 824 0 0 1
824 826 0 0 1
826 828 0 0 1
828 830 0 0 1
830 832 0 0 1
832 834 0 0 1
834 836 0 0 1
836 838 0 0 1
838 840 0 0 1
840 842 0 0 1
842 844 1 1 1
844 846 0 0 1
846 848 0 0 1
848 850 0 0 1
850 852 0 0 1
852 854 0 0 1
854 856 0 0 1
856 858 1 1 1
858 860 0 0 1
860 862 0 0 1
862 864 0 0 1
864 866 0 0 1
866 868 0 0 1
868 870 0 0 1
870 872 0 0 1
872 874 0 0 1
874 876 0 0 1
876 878 0 0 1
878 880 0 0 1
880 882 0 0 1
882 884 0 0 1
884 886 0 0 1
886 888 1 1 1
888 890 0 0 1
890 892 0 0 1
892 894 1 1 1
894 896 1 1 1
896 898 0 0 1
898 900 0 0 1
900 902 0 0 1
902 904 0 0 1
904 906 0 0 1
906 908 0 0 1
908 910 0 0 1
910 912 0 0 1
912 914 0 0 1
914 916 1 1 1
916 918 0 0 1
918 920 0 0 1
920 922 0 0 1
922 924 0 0 1
924 926 0 0 1
926 928 0 0 1
928 930 0 0 1
930 932 0 0 1
932 934 0 0 1
934 936 1 1 1
936 938 0 0 1
938 940 0 0 1
940 942 0 0 1
942 944 0 0 1
944 946 1 1 1
946 948 0 0 1
948 950 0 0 1
950 952 0 0 1
952 954 0 0 1
954 956 0 0 1
956 958 0 0 1
958 960 0 0 1
960 962 0 0 1
962 964 0 0 1
964 966 0 0 1
966 968 1 1 1
968 970 0 0 1
970 972 0 0 1
972 974 0 0 1
974 976 1 1 1
976 978 0 0 1
978 980 0 0 1
980 982 0 0 1
982 984 0 0 1
984 986 0 0 1
986 988 0 0 1
988 990 0 0 1
990 992 0 0 1
992 994 0 0 1
994 996 0 0 1
996 998 0 0 1
998 1000 0 0 1
1000 1002 0 0 1
1002 1004 0 0 1
1004 1006 0 0 1
1006 1008 1 1 1
1008 1010 0 0 1
1010 1012 0 0 1
1012 1014 0 0 1
1014 1016 0 0 1
1016 1018 0 0 1
1018 1020 0 0 1
1020 1022 0 0 1
1022 1024 1 1 1
1024 1026 0 0 1
1026 1028 0 0 1
1028 1030 1 1 1
1030 1032 1 1 1
1032 1034 0 0 1
1034 1036 0 0 1
1036 1038 0 0 1
1038 1040 1 1 1
1040 1042 0 0 1
1042 1044 0 0 1
1044 1046 0 0 1
1046 1048 0 0 1
1048 1050 0 0 1
1050 1052 1 1 1
1052 1054 1 1 1
1054 1056 0 0 1
1056 1058 0 0 1
1058 1060 0 0 1
1060 1062 0 0 1
1062 1064 0 0 1
1064 1066 1 1 1
1066 1068 0 0 1
1068 1070 0 0 1
1070 1072 0 0 1
1072 1074 1 1 1
1074 1076 0 0 1
1076 1078 0 0 1
1078 1080 0 0 1
1080 1082 1 1 1
1082 1084 0 0 1
1084 1086 0 0 1
1086 1088 0 0 1
1088 1090 0 0 1
1090 1092 1 1 1
1092 1094 0 0 1
1094 1096 0 0 1
1096 1098 0 0 1
1098 1100 0 0 1
1100 1102 0 0 1
1102 1104 0 0 1
1104 1106 0 0 1
1106 1108 0 0 1
1108 1110 0 0 1
1110 1112 0 0 1
1112 1114 0 0 1
1114 1116 1 1 1
1116 1118 0 0 1
1118 1120 0 0 1
1120 1122 0 0 1
1122 1124 0 0 1
1124 1126 0 0 1
1126 1128 1 1 1
1128 1130 0 0 1
1130 1132 0 0 1
1132 1134 0 0 1
1134 1136 0 0 1
1136 1138 1 1 1
1138 1140 0 0 1
1140 1142 0 0 1
1142 1144 0 0 1
1144 1146 0 0 1
1146 1148 0 0 1
1148 1150 0 0 1
1150 1152 0 0 1
1152 1154 0 0 1
1154 1156 1 1 1
1156 1158 0 0 1
1158 1160 0 0 1
1160 1162 0 0 1
1162 1164 0 0 1
1164 1166 0 0 1
1166 1168 1 1 1
1168 1170 0 0 1
1170 1172 1 1 1
1172 1174 0 0 1
1174 1176 1 1 1
1176 1178 1 1 1
1178 1180 0 0 1
1180 1182 1 1 1
1182 1184 0 0 1
1184 1186 0 0 1
1186 1188 0 0 1
1188 1190 0 0 1
1190 1192 1 1 1
1192 1194 0 0 1
1194 1196 0 0 1
1196 1198 0 0 1
1198 1200 1 1 1
1200 1202 0 0 1
1202 1204 0 0 1
1204 1206 0 0 1
1206 1208 0 0 1
1208 1210 1 1 1
1210 1212 0 0 1
1212 1214 0 0 1
1214 1216 0 0 1
1216 1218 0 0 1
1218 1220 0 0 1
1220 1222 1 1 1
1222 1224 0 0 1
1224 1226 0 0 1
1226 1228 0 0 1
1228 1230 0 0 1
1230 1232 0 0 1
1232 1234 0 0 1
1234 1236 0 0 1
1236 1238 1 1 1
1238 1240 0 0 1
1240 1242 0 0 1
1242 1244 1 1 1
1244 1246 0 0 1
1246 1248 1 1 1
1248 1250 1 1 1
1250 1252 0 0 1
1252 1254 0 0 1
1254 1256 0 0 1
1256 1258 0 0 1
1258 1260 0 0 1
1260 1262 0 0 1
1262 1264 0 0 1
1264 1266 0 0 1
1266 1268 0 0 1
1268 1270 1 1 1
1270 1272 0 0 1
1272 1274 0 0 1
1274 1276 0 0 1
1276 1278 0 0 1
1278 1280 0 0 1
1280 1282 0 0 1
1282 1284 0 0 1
1284 1286 0 0 1
1286 1288 1 1 1
1288 1290 0 0 1
1290 1292 1 1 1
1292 1294 1 1 1
1294 1296 1 1 1
1296 1298 1 1 1
1298 1300 0 0 1
1300 1302 0 0 1
1302 1304 0 0 1
1304 1306 0 0 1
1306 1308 0 0 1
1308 1310 1 1 1
1310 1312 0 0 1
1312 1314 0 0 1
1314 1316 1 1 1
1316 1318 1 1 1
1318 1320 0 0 1
1320 1322 0 0 1
1322 1324 0 0 1
1324 1326 0 0 1
1326 1328 0 0 1
1328 1330 1 1 1
1330 1332 0 0 1
1332 1334 0 0 1
1334 1336 0 0 1
1336 1338 0 0 1
1338 1340 0 0 1
1340 1342 0 0 1
1342 1344 0 0 1
1344 1346 0 0 1
1346 1348 1 1 1
1348 1350 0 0 1
1350 1352 1 1 1
1352 1354 0 0 1
1354 1356 1 1 1
1356 1358 0 0 1
1358 1360 0 0 1
1360 1362 1 1 1
1362 1364 0 0 1
1364 1366 0 0 1
1366 1368 1 1 1
1368 1370 0 0 1
1370 1372 0 0 1
1372 1374 1 1 1
1374 1376 0 0 1
1376 1378 0 0 1
1378 1380 0 0 1
1380 1382 0 0 1
1382 1384 0 0 1
1384 1386 1 1 1
1386 1388 0 0 1
1388 1390 0 0 1
1390 1392 0 0 1
1392 1394 1 1 1
1394 1396 1 1 1
1396 1398 0 0 1
1398 1400 0 0 1
1400 1402 0 0 1
1402 1404 1 1 1
1404 1406 0 0 1
1406 1408 0 0 1
1408 1410 0 0 1
1410 1412 0 0 1
1412 1414 0 0 1
1414 1416 0 0 1
1416 1418 0 0 1
1418 1420 1 1 1
1420 1422 0 0 1
1422 1424 1 1 1
1424 1426 0 0 1
1426 1428 0 0 1
1428 1430 0 0 1
1430 1432 0 0 1
1432 1434 1 1 1
1434 1436 0 0 1
1436 1438 1 1 1
1438 1440 1 1 1
1440 1442 0 0 1
1442 1444 0 0 1
1444 1446 0 0 1
1446 1448 0 0 1
1448 1450 0 0 1
1450 1452 1 1 1
1452 1454 0 0 1
1454 1456 0 0 1
1456 1458 0 0 1
1458 1460 0 0 1
1460 1462 1 1 1
1462 1464 0 0 1
1464 1466 1 1 1
1466 1468 0 0 1
1468 1470 0 0 1
1470 1472 0 0 1
1472 1474 0 0 1
1474 1476 0 0 1
1476 1478 0 0 1
1478 1480 1 1 1
1480 1482 0 0 1
1482 1484 0 0 1
1484 1486 1 1 1
1486 1488 0 0 1
1488 1490 0 0 1
1490 1492 1 1 1
1492 1494 0 0 1
1494 1496 0 0 1
1496 1498 0 0 1
1498 1500 0 0 1
1500 1502 0 0 1
1502 1504 0 0 1
1504 1506 0 0 1
1506 1508 0 0 1
1508 1510 0 0 1
1510 1512 0 0 1
1512 1514 0 0 1
1514 1516 0 0 1
1516 1518 1 1 1
1518 1520 0 0 1
1520 1522 0 0 1
1522 1524 0 0 1
1524 1526 0 0 1
1526 1528 1 1 1
1528 1530 1 1 1
1530 1532 1 1 1
1532 1534 1 1 1
1534 1536 0 0 1
1536 1538 1 1 1
1538 1540 0 0 1
1540 1542 0 0 1
1542 1544 0 0 1
1544 1546 0 0 1
1546 1548 0 0 1
1548 1550 0 0 1
1550 1552 0 0 1
1552 1554 0 0 1
1554 1556 0 0 1
1556 1558 0 0 1
1558 1560 0 0 1
1560 1562 0 0 1
1562 1564 0 0 1
1564 1566 0 0 1
1566 1568 0 0 1
1568 1570 0 0 1
1570 1572 0 0 1
1572 1574 0 0 1
1574 1576 0 0 1
1576 1578 0 0 1
1578 1580 0 0 1
1580 1582 0 0 1
1582 1584 0 0 1
1584 1586 0 0 1
1586 1588 0 0 1
1588 1590 0 0 1
1590 1592 0 0 1
1592 1594 0 0 1
1594 1596 0 0 1
1596 1598 0 0 1
1598 1600 0 0 1
1600 1602 0 0 1
1602 1604 0 0 1
1604 1606 0 0 1
1606 1608 0 0 1
1608 1610 0 0 1
1610 1612 1 1 1
1612 1614 0 0 1
1614 1616 0 0 1
1616 1618 1 1 1
1618 1620 0 0 1
1620 1622 0 0 1
1622 1624 0 0 1
1624 1626 0 0 1
1626 1628 1 1 1
1628 1630 0 0 1
1630 1632 0 0 1
1632 1634 0 0 1
1634 1636 0 0 1
1636 1638 1 1 1
1638 1640 0 0 1
1640 1642 1 1 1
1642 1644 0 0 1
1644 1646 1 1 1
1646 1648 1 1 1
1648 1650 0 0 1
1650 1652 0 0 1
1652 1654 0 0 1
1654 1656 0 0 1
1656 1658 1 1 1
1658 1660 0 0 1
1660 1662 0 0 1
1662 1664 0 0 1
1664 1666 1 1 1
1666 1668 0 0 1
1668 1670 0 0 1
1670 1672 0 0 1
1672 1674 1 1 1
1674 1676 0 0 1
1676 1678 0 0 1
1678 1680 0 0 1
1680 1682 0 0 1
1682 1684 0 0 1
1684 1686 0 0 1
1686 1688 0 0 1
1688 1690 0 0 1
1690 1692 0 0 1
1692 1694 0 0 1
1694 1696 1 1 1
1696 1698 1 1 1
1698 1700 1 1 1
1700 1702 0 0 1
1702 1704 0 0 1
1704 1706 0 0 1
1706 1708 0 0 1
1708 1710 0 0 1
1710 1712 0 0 1
1712 1714 0 0 1
1714 1716 0 0 1
1716 1718 0 0 1
1718 1720 0 0 1
1720 1722 0 0 1
1722 1724 0 0 1
1724 1726 0 0 1
1726 1728 1 1 1
1728 1730 0 0 1
1730 1732 1 1 1
1732 1734 0 0 1
1734 1736 0 0 1
1736 1738 0 0 1
1738 1740 0 0 1
1740 1742 1 1 1
1742 1744 0 0 1
1744 1746 0 0 1
1746 1748 1 1 1
1748 1750 0 0 1
1750 1752 0 0 1
1752 1754 0 0 1
1754 1756 0 0 1
1756 1758 0 0 1
1758 1760 1 1 1
1760 1762 0 0 1
1762 1764 0 0 1
1764 1766 0 0 1
1766 1768 0 0 1
1768 1770 0 0 1
1770 1772 0 0 1
1772 1774 0 0 1
1774 1776 1 1 1
1776 1778 0 0 1
1778 1780 0 0 1
1780 1782 1 1 1
1782 1784 0 0 1
1784 1786 0 0 1
1786 1788 0 0 1
1788 1790 0 0 1
1790 1792 0 0 1
1792 1794 1 1 1
1794 1796 1 1 1
1796 1798 0 0 1
1798 1800 0 0 1
1800 1802 0 0 1
1802 1804 0 0 1
1804 1806 1 1 1
1806 1808 0 0 1
1808 1810 0 0 1
1810 1812 0 0 1
1812 1814 0 0 1
1814 1816 0 0 1
1816 1818 0 0 1
1818 1820 1 1 1
1820 1822 0 0 1
1822 1824 0 0 1
1824 1826 0 0 1
1826 1828 0 0 1
1828 1830 0 0 1
1830 1832 0 0 1
1832 1834 0 0 1
1834 1836 0 0 1
1836 1838 1 1 1
1838 1840 0 0 1
1840 1842 0 0 1
1842 1844 0 0 1
1844 1846 0 0 1
1846 1848 0 0 1
1848 1850 0 0 1
1850 1852 0 0 1
1852 1854 1 1 1
1854 1856 0 0 1
1856 1858 0 0 1
1858 1860 0 0 1
1860 1862 0 0 1
1862 1864 0 0 1
1864 1866 0 0 1
1866 1868 0 0 1
1868 1870 0 0 1
1870 1872 0 0 1
1872 1874 0 0 1
1874 1876 0 0 1
1876 1878 0 0 1
1878 1880 0 0 1
1880 1882 0 0 1
1882 1884 1 1 1
1884 1886 1 1 1
1886 1888 0 0 1
1888 1890 0 0 1
1890 1892 0 0 1
1892 1894 1 1 1
1894 1896 0 0 1
1896 1898 0 0 1
1898 1900 0 0 1
1900 1902 0 0 1
1902 1904 0 0 1
1904 1906 0 0 1
1906 1908 0 0 1
1908 1910 0 0 1
1910 1912 0 0 1
1912 1914 0 0 1
1914 1916 0 0 1
1916 1918 1 1 1
1918 1920 0 0 1
1920 1922 0 0 1
1922 1924 0 0 1
1924 1926 0 0 1
1926 1928 0 0 1
1928 1930 0 0 1
1930 1932 0 0 1
1932 1934 0 0 1
1934 1936 0 0 1
1936 1938 0 0 1
1938 1940 0 0 1
1940 1942 0 0 1
1942 1944 0 0 1
1944 1946 0 0 1
1946 1948 0 0 1
1948 1950 1 1 1
1950 1952 1 1 1
1952 1954 0 0 1
1954 1956 1 1 1
1956 1958 0 0 1
1958 1960 0 0 1
1960 1962 0 0 1
1962 1964 0 0 1
1964 1966 0 0 1
1966 1968 0 0 1
1968 1970 0 0 1
1970 1972 0 0 1
1972 1974 0 0 1
1974 1976 0 0 1
1976 1978 0 0 1
1978 1980 0 0 1
1980 1982 0 0 1
1982 1984 0 0 1
1984 1986 0 0 1
1986 1988 0 0 1
1988 1990 1 1 1
1990 1992 0 0 1
1992 1994 0 0 1
1994 1996 0 0 1
1996 1998 0 0 1
1998 2000 0 0 1
2000 2002 0 0 1
2002 2004 1 1 1
2004 2006 0 0 1
2006 2008 0 0 1
2008 2010 0 0 1
2010 2012 0 0 1
2012 2014 0 0 1
2014 2016 0 0 1
2016 2018 0 0 1
2018 2020 0 0 1
2020 2022 0 0 1
2022 2024 0 0 1
2024 2026 1 1 1
2026 2028 0 0 1
2028 2030 0 0 1
2030 2032 0 0 1
2032 2034 0 0 1
2034 2036 0 0 1
2036 2038 0 0 1
2038 2040 0 0 1
2040 2042 0 0 1
2042 2044 1 1 1
2044 2046 0 0 1
2046 2048 0 0 1
2048 2050 1 1 1
2050 2052 0 0 1
2052 2054 0 0 1
2054 2056 0 0 1
2056 2058 0 0 1
2058 2060 0 0 1
2060 2062 0 0 1
2062 2064 0 0 1
2064 2066 0 0 1
2066 2068 0 0 1
2068 2070 0 0 1
2070 2072 0 0 1
2072 2074 0 0 1
2074 2076 0 0 1
2076 2078 0 0 1
2078 2080 0 0 1
2080 2082 0 0 1
2082 2084 0 0 1
2084 2086 1 1 1
2086 2088 0 0 1
2088 2090 0 0 1
2090 2092 0 0 1
2092 2094 0 0 1
2094 2096 0 0 1
2096 2098 0 0 1
2098 2100 0 0 1
2100 2102 0 0 1
2102 2104 0 0 1
2104 2106 0 0 1
2106 2108 0 0 1
2108 2110 0 0 1
2110 2112 0 0 1
2112 2114 1 1 1
2114 2116 0 0 1
2116 2118 0 0 1
2118 2120 0 0 1
2120 2122 1 1 1
2122 2124 0 0 1
2124 2126 0 0 1
2126 2128 0 0 1
2128 2130 0 0 1
2130 2132 0 0 1
2132 2134 0 0 1
2134 2136 0 0 1
2136 2138 0 0 1
2138 2140 0 0 1
2140 2142 0 0 1
2142 2144 0 0 1
2144 2146 0 0 1
2146 2148 0 0 1
2148 2150 0 0 1
2150 2152 0 0 1
2152 2154 0 0 1
2154 2156 0 0 1
2156 2158 0 0 1
2158 2160 0 0 1
2160 2162 0 0 1
2162 2164 0 0 1
2164 2166 0 0 1
2166 2168 0 0 1
2168 2170 0 0 1
2170 2172 0 0 1
2172 2174 0 0 1
2174 2176 0 0 1
2176 2178 0 0 1
2178 2180 0 0 1
2180 2182 0 0 1
2182 2184 0 0 1
2184 2186 0 0 1
2186 2188 1 1 1
2188 2190 0 0 1
2190 2192 0 0 1
2192 2194 0 0 1
2194 2196 0 0 1
2196 2198 0 0 1
2198 2200 0 0 1
2200 2202 0 0 1
2202 2204 0 0 1
2204 2206 0 0 1
2206 2208 0 0 1
2208 2210 0 0 1
2210 2212 0 0 1
2212 2214 0 0 1
2214 2216 0 0 1
2216 2218 0 0 1
2218 2220 0 0 1
2220 2222 0 0 1
2222 2224 0 0 1
2224 2226 0 0 1
2226 2228 0 0 1
2228 2230 0 0 1
2230 2232 0 0 1
2232 2234 0 0 1
2234 2236 0 0 1
2236 2238 0 0 1
2238 2240 0 0 1
2240 2242 0 0 1
2242 2244 0 0 1
2244 2246 0 0 1
2246 2248 1 1 1
2248 2250 1 1 1
2250 2252 0 0 1
2252 2254 0 0 1
2254 2256 0 0 1
2256 2258 0 0 1
2258 2260 0 0 1
2260 2262 0 0 1
2262 2264 0 0 1
2264 2266 0 0 1
2266 2268 0 0 1
2268 2270 0 0 1
2270 2272 0 0 1
2272 2274 1 1 1
2274 2276 1 1 1
2276 2278 0 0 1
2278 2280 0 0 1
2280 2282 0 0 1
2282 2284 1 1 1
2284 2286 0 0 1
2286 2288 0 0 1
2288 2290 0 0 1
2290 2292 0 0 1
2292 2294 0 0 1
2294 2296 1 1 1
2296 2298 0 0 1
2298 2300 1 1 1
2300 2302 0 0 1
2302 2304 0 0 1
2304 2306 0 0 1
2306 2308 0 0 1
2308 2310 0 0 1
2310 2312 0 0 1
2312 2314 0 0 1
2314 2316 0 0 1
2316 2318 0 0 1
2318 2320 0 0 1
2320 2322 0 0 1
2322 2324 0 0 1
2324 2326 0 0 1
2326 2328 0 0 1
2328 2330 1 1 1
2330 2332 0 0 1
2332 2334 0 0 1
2334 2336 0 0 1
2336 2338 0 0 1
2338 2340 0 0 1
2340 2342 0 0 1
2342 2344 0 0 1
2344 2346 0 0 1
2346 2348 0 0 1
2348 2350 0 0 1
2350 2352 0 0 1
2352 2354 1 1 1
2354 2356 1 1 1
2356 2358 0 0 1
2358 2360 0 0 1
2360 2362 0 0 1
2362 2364 1 1 1
2364 2366 0 0 1
2366 2368 0 0 1
2368 2370 0 0 1
2370 2372 1 1 1
2372 2374 0 0 1
2374 2376 0 0 1
2376 2378 1 1 1
2378 2380 0 0 1
2380 2382 0 0 1
2382 2384 0 0 1
2384 2386 0 0 1
2386 2388 0 0 1
2388 2390 0 0 1
2390 2392 0 0 1
2392 2394 0 0 1
2394 2396 0 0 1
2396 2398 0 0 1
2398 2400 0 0 1
2400 2402 0 0 1
2402 2404 0 0 1
2404 2406 0 0 1
2406 2408 0 0 1
2408 2410 1 1 1
2410 2412 0 0 1
2412 2414 0 0 1
2414 2416 0 0 1
2416 2418 0 0 1
2418 2420 0 0 1
2420 2422 0 0 1
2422 2424 0 0 1
2424 2426 0 0 1
2426 2428 0 0 1
2428 2430 1 1 1
2430 2432 0 0 1
2432 2434 1 1 1
2434 2436 1 1 1
2436 2438 0 0 1
2438 2440 0 0 1
2440 2442 1 1 1
2442 2444 0 0 1
2444 2446 0 0 1
2446 2448 0 0 1
2448 2450 0 0 1
2450 2452 0 0 1
2452 2454 0 0 1
2454 2456 0 0 1
2456 2458 0 0 1
2458 2460 0 0 1
2460 2462 0 0 1
2462 2464 0 0 1
2464 2466 0 0 1
2466 2468 0 0 1
2468 2470 0 0 1
2470 2472 0 0 1
2472 2474 0 0 1
2474 2476 0 0 1
2476 2478 0 0 1
2478 2480 1 1 1
2480 2482 0 0 1
2482 2484 0 0 1
2484 2486 0 0 1
2486 2488 0 0 1
2488 2490 0 0 1
2490 2492 0 0 1
2492 2494 0 0 1
2494 2496 0 0 1
2496 2498 0 0 1
2498 2500 1 1 1
2500 2502 0 0 1
2502 2504 0 0 1
2504 2506 1 1 1
2506 2508 0 0 1
2508 2510 0 0 1
2510 2512 0 0 1
2512 2514 0 0 1
2514 2516 0 0 1
2516 2518 0 0 1
2518 2520 0 0 1
2520 2522 0 0 1
2522 2524 0 0 1
2524 2526 0 0 1
2526 2528 0 0 1
2528 2530 0 0 1
2530 2532 1 1 1
2532 2534 0 0 1
2534 2536 0 0 1
2536 2538 1 1 1
2538 2540 0 0 1
2540 2542 0 0 1
2542 2544 0 0 1
2544 2546 1 1 1
2546 2548 0 0 1
2548 2550 0 0 1
2550 2552 0 0 1
2552 2554 0 0 1
2554 2556 0 0 1
2556 2558 1 1 1
2558 2560 0 0 1
2560 2562 0 0 1
2562 2564 0 0 1
2564 2566 0 0 1
2566 2568 0 0 1
2568 2570 0 0 1
2570 2572 0 0 1
2572 2574 0 0 1
2574 2576 0 0 1
2576 2578 0 0 1
2578 2580 1 1 1
2580 2582 0 0 1
2582 2584 0 0 1
2584 2586 0 0 1
2586 2588 0 0 1
2588 2590 1 1 1
2590 2592 0 0 1
2592 2594 0 0 1
2594 2596 0 0 1
2596 2598 1 1 1
2598 2600 0 0 1
2600 2602 0 0 1
2602 2604 1 1 1
2604 2606 0 0 1
2606 2608 1 1 1
2608 2610 0 0 1
2610 2612 0 0 1
2612 2614 0 0 1
2614 2616 0 0 1
2616 2618 0 0 1
2618 2620 0 0 1
2620 2622 0 0 1
2622 2624 0 0 1
2624 2626 0 0 1
2626 2628 0 0 1
2628 2630 0 0 1
2630 2632 0 0 1
2632 2634 0 0 1
2634 2636 0 0 1
2636 2638 0 0 1
2638 2640 0 0 1
2640 2642 0 0 1
2642 2644 0 0 1
2644 2646 0 0 1
2646 2648 1 1 1
2648 2650 0 0 1
2650 2652 0 0 1
2652 2654 1 1 1
2654 2656 1 1 1
2656 2658 0 0 1
2658 2660 0 0 1
2660 2662 0 0 1
2662 2664 1 1 1
2664 2666 0 0 1
2666 2668 0 0 1
2668 2670 0 0 1
2670 2672 1 1 1
2672 2674 1 1 1
2674 2676 0 0 1
2676 2678 0 0 1
2678 2680 0 0 1
2680 2682 0 0 1
2682 2684 0 0 1
2684 2686 0 0 1
2686 2688 0 0 1
2688 2690 0 0 1
2690 2692 0 0 1
2692 2694 0 0 1
2694 2696 0 0 1
2696 2698 0 0 1
2698 2700 1 1 1
2700 2702 0 0 1
2702 2704 0 0 1
2704 2706 0 0 1
2706 2708 1 1 1
2708 2710 0 0 1
2710 2712 0 0 1
2712 2714 0 0 1
2714 2716 0 0 1
2716 2718 0 0 1
2718 2720 0 0 1
2720 2722 0 0 1
2722 2724 0 0 1
2724 2726 1 1 1
2726 2728 0 0 1
2728 2730 0 0 1
2730 2732 0 0 1
2732 2734 0 0 1
2734 2736 0 0 1
2736 2738 0 0 1
2738 2740 0 0 1
2740 2742 1 1 1
2742 2744 0 0 1
2744 2746 0 0 1
2746 2748 0 0 1
2748 2750 1 1 1
2750 2752 0 0 1
2752 2754 0 0 1
2754 2756 0 0 1
2756 2758 1 1 1
2758 2760 0 0 1
2760 2762 0 0 1
2762 2764 0 0 1
2764 2766 0 0 1
2766 2768 0 0 1
2768 2770 0 0 1
2770 2772 0 0 1
2772 2774 0 0 1
2774 2776 0 0 1
2776 2778 0 0 1
2778 2780 0 0 1
2780 2782 0 0 1
2782 2784 1 1 1
2784 2786 0 0 1
2786 2788 0 0 1
2788 2790 0 0 1
2790 2792 0 0 1
2792 2794 0 0 1
2794 2796 0 0 1
2796 2798 0 0 1
2798 2800 0 0 1
2800 2802 0 0 1
2802 2804 0 0 1
2804 2806 0 0 1
2806 2808 0 0 1
2808 2810 0 0 1
2810 2812 0 0 1
2812 2814 0 0 1
2814 2816 0 0 1
2816 2818 0 0 1
2818 2820 0 0 1
2820 2822 0 0 1
2822 2824 0 0 1
2824 2826 1 1 1
2826 2828 0 0 1
2828 2830 0 0 1
2830 2832 0 0 1
2832 2834 0 0 1
2834 2836 0 0 1
2836 2838 0 0 1
2838 2840 0 0 1
2840 2842 0 0 1
2842 2844 0 0 1
2844 2846 0 0 1
2846 2848 0 0 1
2848 2850 1 1 1
2850 2852 0 0 1
2852 2854 0 0 1
2854 2856 0 0 1
2856 2858 0 0 1
2858 2860 0 0 1
2860 2862 1 1 1
2862 2864 0 0 1
2864 2866 1 1 1
2866 2868 0 0 1
2868 2870 1 1 1
2870 2872 0 0 1
2872 2874 0 0 1
2874 2876 0 0 1
2876 2878 0 0 1
2878 2880 0 0 1
2880 2882 0 0 1
2882 2884 0 0 1
2884 2886 0 0 1
2886 2888 0 0 1
2888 2890 0 0 1
2890 2892 0 0 1
2892 2894 0 0 1
2894 2896 0 0 1
2896 2898 0 0 1
2898 2900 0 0 1
2900 2902 0 0 1
2902 2904 0 0 1
2904 2906 0 0 1
2906 2908 0 0 1
2908 2910 0 0 1
2910 2912 0 0 1
2912 2914 0 0 1
2914 2916 0 0 1
2916 2918 0 0 1
2918 2920 0 0 1
2920 2922 1 1 1
2922 2924 0 0 1
2924 2926 0 0 1
2926 2928 0 0 1
2928 2930 0 0 1
2930 2932 0 0 1
2932 2934 0 0 1
2934 2936 0 0 1
2936 2938 0 0 1
2938 2940 0 0 1
2940 2942 0 0 1
2942 2944 0 0 1
2944 2946 1 1 1
2946 2948 0 0 1
2948 2950 1 1 1
2950 2952 0 0 1
2952 2954 0 0 1
2954 2956 0 0 1
2956 2958 0 0 1
2958 2960 0 0 1
2960 2962 0 0 1
2962 2964 1 1 1
2964 2966 1 1 1
2966 2968 0 0 1
2968 2970 0 0 1
2970 2972 0 0 1
2972 2974 0 0 1
2974 2976 0 0 1
2976 2978 0 0 1
2978 2980 0 0 1
2980 2982 0 0 1
2982 2984 0 0 1
2984 2986 0 0 1
2986 2988 0 0 1
2988 2990 0 0 1
2990 2992 0 0 1
2992 2994 0 0 1
2994 2996 0 0 1
2996 2998 0 0 1
2998 3000 0 0 1
3000 3002 0 0 1
3002 3004 0 0 1
3004 3006 0 0 1
3006 3008 0 0 1
3008 3010 0 0 1
3010 3012 0 0 1
3012 3014 0 0 1
3014 3016 0 0 1
3016 3018 1 1 1
3018 3020 0 0 1
3020 3022 0 0 1
3022 3024 0 0 1
3024 3026 0 0 1
3026 3028 1 1 1
3028 3030 0 0 1
3030 3032 0 0 1
3032 3034 0 0 1
3034 3036 1 1 1
3036 3038 0 0 1
3038 3040 0 0 1
3040 3042 0 0 1
3042 3044 1 1 1
3044 3046 0 0 1
3046 3048 0 0 1
3048 3050 1 1 1
3050 3052 0 0 1
3052 3054 0 0 1
3054 3056 0 0 1
3056 3058 0 0 1
3058 3060 0 0 1
3060 3062 0 0 1
3062 3064 0 0 1
3064 3066 1 1 1
3066 3068 0 0 1
3068 3070 0 0 1
3070 3072 1 1 1
3072 3074 0 0 1
3074 3076 0 0 1
3076 3078 0 0 1
3078 3080 0 0 1
3080 3082 0 0 1
3082 3084 0 0 1
3084 3086 0 0 1
3086 3088 0 0 1
3088 3090 0 0 1
3090 3092 0 0 1
3092 3094 0 0 1
3094 3096 1 1 1
3096 3098 1 1 1
3098 3100 0 0 1
3100 3102 0 0 1
3102 3104 0 0 1
3104 3106 0 0 1
3106 3108 0 0 1
3108 3110 0 0 1
3110 3112 0 0 1
3112 3114 1 1 1
3114 3116 0 0 1
3116 3118 0 0 1
3118 3120 0 0 1
3120 3122 0 0 1
3122 3124 1 1 1
3124 3126 0 0 1
3126 3128 1 1 1
3128 3130 0 0 1
3130 3132 0 0 1
3132 3134 0 0 1
3134 3136 1 1 1
3136 3138 0 0 1
3138 3140 0 0 1
3140 3142 0 0 1
3142 3144 0 0 1
3144 3146 0 0 1
3146 3148 0 0 1
3148 3150 0 0 1
3150 3152 0 0 1
3152 3154 1 1 1
3154 3156 0 0 1
3156 3158 0 0 1
3158 3160 1 1 1
3160 3162 0 0 1
3162 3164 0 0 1
3164 3166 0 0 1
3166 3168 0 0 1
3168 3170 0 0 1
3170 3172 1 1 1
3172 3174 0 0 1
3174 3176 0 0 1
3176 3178 0 0 1
3178 3180 0 0 1
3180 3182 0 0 1
3182 3184 0 0 1
3184 3186 1 1 1
3186 3188 0 0 1
3188 3190 0 0 1
3190 3192 0 0 1
3192 3194 1 1 1
3194 3196 1 1 1
3196 3198 0 0 1
3198 3200 0 0 1
3200 3202 1 1 1
3202 3204 0 0 1
3204 3206 0 0 1
3206 3208 0 0 1
3208 3210 0 0 1
3210 3212 0 0 1
3212 3214 1 1 1
3214 3216 0 0 1
3216 3218 0 0 1
3218 3220 0 0 1
3220 3222 0 0 1
3222 3224 1 1 1
3224 3226 0 0 1
3226 3228 0 0 1
3228 3230 0 0 1
3230 3232 0 0 1
3232 3234 1 1 1
3234 3236 0 0 1
3236 3238 0 0 1
3238 3240 0 0 1
3240 3242 0 0 1
3242 3244 0 0 1
3244 3246 0 0 1
3246 3248 1 1 1
3248 3250 0 0 1
3250 3252 0 0 1
