0 35.685538815368304 139.72960755228996
118 35.68432316252244 139.72944125533104
138 35.68414015941462 139.72941510379314
160 35.68379158090513 139.72957134246826
239 35.682791043192786 139.7301024198532
244 35.68276054211826 139.73007962107658
257 35.68269627195874 139.72990058362484
297 35.6827251390707 139.72929775714874
322 35.68276980137426 139.72887866199017
360 35.68284986666076 139.7282912582159
372 35.68293211051085 139.7281001508236
376 35.68295062898197 139.728082716465
437 35.68362437161087 139.72868219017982
456 35.68385258225423 139.7288779914379
456 35.68394844142288 139.72894236445427
464 35.68393809299544 139.7289477288723
496 35.68437218114074 139.7290375828743
553 35.685162466041284 139.72912810742855
558 35.685196778716275 139.72909592092037
606 35.68542825272556 139.72843274474144
627 35.68567443140554 139.72845822572708
630 35.685689681387274 139.7284521907568
639 35.68582094003813 139.72843877971172
732 35.686260464321556 139.72701117396355
755 35.68649030133454 139.72707755863667
758 35.686503917250555 139.72710438072681
776 35.68641459679914 139.72734108567238
794 35.68632146378291 139.72761131823063
848 35.686033894485284 139.72848169505596
853 35.68600666249051 139.7285433858633
895 35.68577192230996 139.72916767001152
903 35.685685324249945 139.72925148904324
1005 35.685685324249945 139.72925148904324
1025 35.68560580645164 139.7295767068863
1031 35.68558347609678 139.72965113818645
1161 35.68558347609678 139.72965113818645
1167 35.68560798502252 139.7295780479908
1190 35.68568859210296 139.7292608767748
1208 35.685816582907954 139.7290838509798
1248 35.68600339465049 139.72854137420654
1253 35.686031171286224 139.72848303616047
1357 35.68648975669785 139.72709231078625
1379 35.68626808925679 139.72703129053116
1457 35.68581277041886 139.72843810915947
1481 35.68547672602129 139.7283824533224
1487 35.68541899377809 139.7284508496523
1522 35.68518643045076 139.72911201417446
1523 35.68517063572714 139.72913682460785
1584 35.6843716364896 139.7290375828743
1626 35.683847135707104 139.72887933254242
1716 35.682951718303656 139.72809076309204
1754 35.682951718303656 139.72809076309204
1769 35.682848777337675 139.7282925993204
1806 35.68276925671216 139.72888201475143
1831 35.6827251390707 139.72929574549198
1870 35.682682110730184 139.7298737615347
1926 35.682682110730184 139.7298737615347
1941 35.68276054211826 139.73008431494236
1943 35.68277688198107 139.73010174930096
2025 35.68379321487044 139.72957000136375
2045 35.68408133689796 139.72943857312202
2067 35.68432098391648 139.72943052649498
2155 35.68552138678455 139.72959280014038
2162 35.68554099394099 139.7296303510666
2177 35.68554099394099 139.7296303510666
2268 35.68431880531046 139.7294318675995
2287 35.6841216412196 139.72941040992737
2309 35.68378722366414 139.72957268357277
2389 35.682773069346716 139.7301198542118
2426 35.68276653340168 139.73011448979378
2442 35.68269572729616 139.72989723086357
2482 35.68273276434381 139.7292923927307
2507 35.68277415867082 139.72888335585594
2547 35.682849321999214 139.72829595208168
2558 35.68293428915473 139.7281014919281
2564 35.68297023677022 139.72809880971909
2640 35.68385693949168 139.7288766503334
2666 35.68418591023094 139.72899869084358
2679 35.68437109183844 139.72903490066528
2735 35.68516954643573 139.7291301190853
2740 35.6851902429698 139.72909525036812
2789 35.685432065233044 139.7284273803234
2798 35.685580208239436 139.72841531038284
2815 35.68580786864692 139.72843676805496
2907 35.68625338402392 139.72701251506805
2931 35.68649411379126 139.72707152366638
2933 35.68649084597122 139.72709566354752
2952 35.68641895389664 139.7273437678814
2971 35.68632200842077 139.7276160120964
3028 35.686030082006575 139.7284810245037
3033 35.686002850010475 139.72854271531105
3079 35.68576756517714 139.72916901111603
3088 35.685694583166494 139.72923070192337
3189 35.685694583166494 139.72923070192337
3214 35.68560526180893 139.7295767068863
3225 35.68556386895077 139.72966521978378
